,file,start,end,text,pre1_base_polarity,pre1_main_emotion_class,pre1_tag_type
325,GerDracor/lenz-der-hofmeister.xml,27978,28023,"verzeihen Sie, daß ich sie gestern aussetzte.",negative,emotions of suffering,suffering
326,GerDracor/lenz-der-hofmeister.xml,28024,28146,"Es war mir
              wahrhaftig unmöglich zu zeichnen; ich hatte den Schnuppen auf eine erstaunende
              Art.",emotional movement,emotions of joy,emotional movement
327,GerDracor/lenz-der-hofmeister.xml,28147,28187,So werden Sie ihn wohl heute noch haben.,positive,emotions of joy,love
328,GerDracor/lenz-der-hofmeister.xml,28188,28230,"Ich denke, wir hören ganz auf zu zeichnen.",negative,emotions of suffering,anger
329,GerDracor/lenz-der-hofmeister.xml,28245,28282,Es macht Ihnen kein Vergnügen länger.,positive,emotions of joy,joy
330,GerDracor/lenz-der-hofmeister.xml,28283,28295,halbweinend.,positive,emotions of suffering,suffering
331,GerDracor/lenz-der-hofmeister.xml,28296,28335,"Wie können Sie das sagen, Herr Läuffer?",emotional movement,emotional movement,emotional movement
332,GerDracor/lenz-der-hofmeister.xml,28336,28377,"Es ist das einzige, was ich mit Lust tue.",positive,emotions of joy,joy
333,GerDracor/lenz-der-hofmeister.xml,28378,28478,"Oder Sie versparen es bis auf den Winter in die Stadt und nehmen einen
              Zeichenmeister.",negative,emotions of rejection,anger
334,GerDracor/lenz-der-hofmeister.xml,28479,28632,"Überhaupt werd ich Ihren Herrn Vater bitten, den Gegenstand Ihres
              Abscheues, Ihres Hasses, Ihrer ganzen Grausamkeit von Ihnen zu entfernen.",negative,emotions of rejection,"hate, disgust"
335,GerDracor/lenz-der-hofmeister.xml,28633,28753,"Ich sehe
              doch, daß es Ihnen auf die Länge unausstehlich wird, von mir Unterricht
              anzunehmen.",negative,emotions of rejection,anger
336,GerDracor/lenz-der-hofmeister.xml,28754,28926,"Herr Läuffer – Lassen Sie mich – Ich muß sehen, wie ich das elende Leben zu Ende bringe, weil mir
              doch der Tod verboten ist – Herr Läuffer – Sie foltern mich.",negative,emotions of fear,suffering
337,GerDracor/lenz-der-hofmeister.xml,28927,28956,– Reißt sich los und geht ab.,negative,emotions of rejection,anger
338,GerDracor/lenz-der-hofmeister.xml,28957,28976,Wie dauert er mich!,negative,emotions of suffering,emotional movement
339,GerDracor/lenz-der-hofmeister.xml,28977,28997,Zu Halle in Sachsen.,negative,emotional movement,suffering
340,GerDracor/lenz-der-hofmeister.xml,28998,29012,Pätus' Zimmer.,emotional movement,emotions of rejection,emotional movement
341,GerDracor/lenz-der-hofmeister.xml,29013,29028,Fritz von Berg.,emotional movement,emotions of rejection,emotional movement
342,GerDracor/lenz-der-hofmeister.xml,29029,29073,"Pätus, im Schlafrock an einem Tisch sitzend.",negative,emotions of suffering,suffering
343,GerDracor/lenz-der-hofmeister.xml,29074,29086,Ei was Berg!,emotional movement,emotions of rejection,emotional movement
344,GerDracor/lenz-der-hofmeister.xml,29087,29154,"du bist ja kein Kind mehr, daß du nach Papa und Mama – Pfui Teufel!",negative,emotions of rejection,"hate, disgust"
345,GerDracor/lenz-der-hofmeister.xml,29155,29318,"ich
              hab dich allezeit für einen braven Kerl gehalten, wenn du nicht mein Schulkamerad
              wärst: ich würde mich schämen, mit dir umzugehen.",negative,emotions of rejection,anger
346,GerDracor/lenz-der-hofmeister.xml,29319,29439,"Pätus, auf meine Ehr, es ist nicht Heimweh, du machst mich bis über die Ohren rot mit
              dem dummen Verdacht.",negative,emotions of rejection,anger
347,GerDracor/lenz-der-hofmeister.xml,29440,29567,"Ich möchte gern Nachricht von Hause haben, das gesteh ich, aber
              das hat seine Ursachen – – Gustchen – Nicht wahr?",emotional movement,emotional movement,emotional movement
348,GerDracor/lenz-der-hofmeister.xml,29568,29593,"Denk doch, du arme Seele!",negative,emotions of suffering,compassion
349,GerDracor/lenz-der-hofmeister.xml,29594,29703,"Hundertachtzig Stunden von ihr
              entfernt – Was für Wälder und Ströme liegen nicht zwischen euch?",emotional movement,emotions of fear,emotional movement
350,GerDracor/lenz-der-hofmeister.xml,29704,30022,"Aber warte, wir haben
              hier auch Mädchen; wenn ich nur besser besponnen wäre, ich wollte dich heut in eine
              Gesellschaft führen – Ich weiß nicht, wie du auch bist; ein Jahr in Halle und noch mit
              keinem Mädchen gesprochen: das muß melancholisch machen; es kann nicht anders sein.",negative,emotions of suffering,suffering
351,GerDracor/lenz-der-hofmeister.xml,30037,30092,"Warte, du mußt mir hier einziehen, daß du lustig wirst.",negative,emotions of joy,Schadenfreude
352,GerDracor/lenz-der-hofmeister.xml,30093,30140,"Was machst du da bei dem
              Pfarrer?",emotional movement,emotional movement,emotional movement
353,GerDracor/lenz-der-hofmeister.xml,30141,30191,Das ist keine Stube für dich – Was zahlst du hier?,negative,emotions of rejection,anger
354,GerDracor/lenz-der-hofmeister.xml,30192,30242,"Ich zahle – Wahrhaftig, Bruder, ich weiß es nicht.",negative,emotional movement,emotional movement
355,GerDracor/lenz-der-hofmeister.xml,30243,30397,"Es ist ein guter ehrlicher
              Philister, bei dem ich wohne; seine Frau ist freilich bisweilen ein bißchen
              wunderlich, aber mag's.",positive,emotions of affection,joy
356,GerDracor/lenz-der-hofmeister.xml,30398,30417,Was geht's mich an?,negative,emotions of rejection,emotional movement
357,GerDracor/lenz-der-hofmeister.xml,30418,30653,"Wir zanken uns einmal herum und denn laß
              ich sie laufen: und die schreiben mir alles auf, Hausmiete, Kaffee, Tabak, alles was
              ich verlange, und denn zahl ich die Rechnung alle Jahre, wenn mein Wechsel kommt.",negative,emotions of rejection,anger
358,GerDracor/lenz-der-hofmeister.xml,30654,30682,Bist du jetzt viel schuldig?,negative,emotions of suffering,anger
359,GerDracor/lenz-der-hofmeister.xml,30683,30717,Ich habe die vorige Woche bezahlt.,negative,emotions of rejection,anger
360,GerDracor/lenz-der-hofmeister.xml,30718,30991,"Das ist wahr, diesmal haben sie mir's arg gemacht:
              mein ganzer Wechsel hat herhalten müssen bis auf den letzten Pfennig, und mein Rock,
              den ich Tags vorher versetzt hatte, weil ich in der äußersten Not war, steht noch zu
              Gevattern.",negative,emotions of suffering,suffering
361,GerDracor/lenz-der-hofmeister.xml,30992,31043,"Weiß der Himmel, wenn ich ihn wieder einlösen kann.",positive,emotions of fear,fear
362,GerDracor/lenz-der-hofmeister.xml,31044,31074,Und wie machst du's denn itzt?,emotional movement,emotional movement,emotional movement
363,GerDracor/lenz-der-hofmeister.xml,31075,31079,Ich?,emotional movement,emotional movement,emotional movement
364,GerDracor/lenz-der-hofmeister.xml,31080,31096,– Ich bin krank.,negative,emotions of suffering,suffering
365,GerDracor/lenz-der-hofmeister.xml,31097,31257,"Heut morgen hat mich die Frau Rätin Hamster invitieren lassen,
              gleich kroch ich ins Bett ... Aber bei dem schönen Wetter immer zu Hause zu sitzen.",negative,emotions of suffering,suffering
366,GerDracor/lenz-der-hofmeister.xml,31258,31272,Was macht das?,emotional movement,emotional movement,emotional movement
367,GerDracor/lenz-der-hofmeister.xml,31273,31409,"des Abends geh ich im Schlafrock spazieren, es ist ohnedem in den
              Hundstagen am Tage nicht auszuhalten – Aber Potz Mordio!",positive,emotions of suffering,suffering
368,GerDracor/lenz-der-hofmeister.xml,31410,31437,Wo bleibt denn mein Kaffee?,emotional movement,emotional movement,emotional movement
369,GerDracor/lenz-der-hofmeister.xml,31455,31473,Pocht mit dem Fuß.,negative,emotional movement,anger
370,GerDracor/lenz-der-hofmeister.xml,31474,31509,"Klingelt und
                pocht.",negative,emotions of fear,emotional movement
371,GerDracor/lenz-der-hofmeister.xml,31510,31548,tritt herein mit einer Portion Kaffee.,positive,emotional movement,joy
372,GerDracor/lenz-der-hofmeister.xml,31549,31571,"In aller Welt, Mutter!",negative,emotions of fear,emotional movement
373,GerDracor/lenz-der-hofmeister.xml,31572,31591,wo bleibst du denn?,emotional movement,emotions of rejection,emotional movement
374,GerDracor/lenz-der-hofmeister.xml,31592,31622,Das Wetter soll dich regieren.,positive,emotions of rejection,anger
375,GerDracor/lenz-der-hofmeister.xml,31623,31681,"Ich warte
              hier schon über eine Stunde – Was?",emotional movement,emotional movement,emotional movement
376,GerDracor/lenz-der-hofmeister.xml,31682,31720,"Du nichtsnutziger Kerl, was lärmst du?",negative,emotions of rejection,anger
377,GerDracor/lenz-der-hofmeister.xml,31721,31786,"Bist du schon wieder nichts nutz,
              abgeschabte Laus?",negative,emotions of rejection,"hate, disgust"
378,GerDracor/lenz-der-hofmeister.xml,31787,31858,Den Augenblick trag ich meinen Kaffee wieder herunter – gießt sich ein.,negative,emotions of suffering,suffering
379,GerDracor/lenz-der-hofmeister.xml,31859,31890,"Nun, nun, nicht so böse Mutter!",negative,emotions of rejection,anger
380,GerDracor/lenz-der-hofmeister.xml,31891,31928,aber Zwieback – Wo ist denn Zwieback?,emotional movement,emotional movement,emotional movement
381,GerDracor/lenz-der-hofmeister.xml,31929,31951,"Ja, kleine Steine dir!",negative,emotions of joy,Schadenfreude
382,GerDracor/lenz-der-hofmeister.xml,31952,31982,Es ist kein Zwieback im Hause.,negative,emotions of rejection,"hate, disgust"
383,GerDracor/lenz-der-hofmeister.xml,31983,32112,"Denk doch, ob so ein kahler
              lausigter Kerl nun alle Nachmittag Zwieback frißt oder nicht – – Was tausend alle Welt!",negative,emotions of rejection,"hate, disgust"
384,GerDracor/lenz-der-hofmeister.xml,32114,32134,Stampft mit dem Fuß.,negative,emotions of rejection,anger
385,GerDracor/lenz-der-hofmeister.xml,32135,32205,"langt ihm Zwieback aus der Schürze, wobei sie ihn an den Haaren zupft.",negative,emotions of rejection,Schadenfreude
386,GerDracor/lenz-der-hofmeister.xml,32206,32250,"Da siehst du, da ist Zwieback, Posaunenkerl!",negative,emotions of rejection,Schadenfreude
387,GerDracor/lenz-der-hofmeister.xml,32251,32317,"Er hat eine Stimme wie ein ganzes
              Regiment Soldaten.",negative,emotions of affection,admiration
388,GerDracor/lenz-der-hofmeister.xml,32318,32341,"Nu, ist der Kaffee gut?",emotional movement,emotions of joy,emotional movement
389,GerDracor/lenz-der-hofmeister.xml,32342,32355,Ist er nicht?,positive,emotions of joy,emotional movement
390,GerDracor/lenz-der-hofmeister.xml,32356,32452,"Gleich sag mir's, oder ich
              reiß Ihm das letzte Haar aus Seinem kahlen Kopf heraus.",negative,emotions of rejection,"hate, disgust"
391,GerDracor/lenz-der-hofmeister.xml,32453,32460,trinkt.,positive,emotions of suffering,suffering
392,GerDracor/lenz-der-hofmeister.xml,32461,32483,Unvergleichlich – Aye!,positive,emotions of affection,joy
393,GerDracor/lenz-der-hofmeister.xml,32484,32535,– Ich hab in meinem Leben keinen bessern getrunken.,positive,emotions of joy,suffering
394,GerDracor/lenz-der-hofmeister.xml,32536,32557,Siehst du Hundejunge!,positive,emotions of joy,joy
395,GerDracor/lenz-der-hofmeister.xml,32558,32704,"Wenn du die Mutter nicht hättest, die sich deiner annähme und
              dir zu essen und zu trinken gäbe, du müßtest an der Straße verhungern.",negative,emotions of suffering,despair
396,GerDracor/lenz-der-hofmeister.xml,32705,32931,"Sehen Sie ihn
              einmal an, Herr von Berg, wie er daher geht, keinen Rock auf dem Leibe und sein
              Schlafrock ist auch, als ob er darin wär aufgehenkt worden und wieder vom Galgen
              gefallen.",negative,emotions of suffering,suffering
397,GerDracor/lenz-der-hofmeister.xml,32932,33215,"Sie sind doch ein hübscher Herr, ich weiß nicht wie Sie mit dem Menschen
              umgehen können, nun freilich unter Landsleuten da ist immer so eine kleine
              Blutsverwandtschaft, drum sag ich immer, wenn doch der Herr von Berg zu uns
              einlogieren täte.",positive,emotions of affection,admiration
398,GerDracor/lenz-der-hofmeister.xml,33216,33361,"Ich weiß, daß Sie viel Gewalt über ihn haben: da könnte doch noch
              was Ordentliches aus ihm werden, aber sonst wahrhaftig – Geht ab.",negative,emotions of rejection,compassion
399,GerDracor/lenz-der-hofmeister.xml,33362,33406,"Siehst du, ist das nicht ein gut fidel Weib.",negative,emotions of rejection,anger
400,GerDracor/lenz-der-hofmeister.xml,33407,33592,"Ich seh ihr all etwas durch die Finger,
              aber potz, wenn ich auch einmal ernsthaft werde, kusch ist sie wie die Wand – Willst
              du nicht eine Tasse mit trinken?",positive,emotions of rejection,emotional movement
401,GerDracor/lenz-der-hofmeister.xml,33594,33608,Gießt ihm ein.,negative,emotions of suffering,suffering
402,GerDracor/lenz-der-hofmeister.xml,33609,33616,trinkt.,positive,emotions of suffering,suffering
403,GerDracor/lenz-der-hofmeister.xml,33617,33649,Der Kaffee schmeckt nach Gerste.,positive,emotions of suffering,joy
404,GerDracor/lenz-der-hofmeister.xml,33650,33663,Was sagst du?,emotional movement,emotional movement,emotional movement
405,GerDracor/lenz-der-hofmeister.xml,33664,33688,–  Schmeckt gleichfalls.,positive,emotions of affection,joy
406,GerDracor/lenz-der-hofmeister.xml,33689,33708,Sieht in die Kanne.,emotional movement,emotional movement,suffering
407,GerDracor/lenz-der-hofmeister.xml,33709,33765,"Wirft
                das Kaffeezeug zum Fenster hinaus.",negative,emotions of rejection,anger
408,GerDracor/lenz-der-hofmeister.xml,33766,33780,stürzt herein.,negative,emotional movement,emotional movement
409,GerDracor/lenz-der-hofmeister.xml,33781,33785,Wie?,emotional movement,emotional movement,emotional movement
410,GerDracor/lenz-der-hofmeister.xml,33786,33814,"Was zum Teufel, was ist das?",emotional movement,emotional movement,emotional movement
411,GerDracor/lenz-der-hofmeister.xml,33815,33865,"Herr, ist Er rasend oder plagt Ihn gar der Teufel?",negative,emotions of suffering,anger
412,GerDracor/lenz-der-hofmeister.xml,33880,33895,– Still Mutter!,negative,emotional movement,emotional movement
413,GerDracor/lenz-der-hofmeister.xml,33896,33920,mit gräßlichem Geschrei.,negative,emotions of rejection,"hate, disgust"
414,GerDracor/lenz-der-hofmeister.xml,33921,33949,Aber wo ist mein Kaffeezeug?,emotional movement,emotional movement,emotional movement
415,GerDracor/lenz-der-hofmeister.xml,33950,33953,Ei!,emotional movement,emotional movement,emotional movement
416,GerDracor/lenz-der-hofmeister.xml,33954,33965,zum Henker!,emotional movement,emotional movement,emotional movement
417,GerDracor/lenz-der-hofmeister.xml,33966,34042,"aus dem Fenster – Ich kratz Ihm die
              Augen aus dem Kopf heraus.",negative,emotions of suffering,suffering
418,GerDracor/lenz-der-hofmeister.xml,34043,34160,"Es war eine Spinne darin und ich warf's in der Angst – Was kann ich dafür, daß das
              Fenster offen stand?",negative,emotions of fear,fear
419,GerDracor/lenz-der-hofmeister.xml,34161,34323,"Daß du verreckt wärst an der Spinne, wenn ich dich mit Haut und Haar verkaufe, so
              kannst du mir mein Kaffeezeug nicht bezahlen, nichtswürdiger Hund!",negative,emotions of rejection,anger
420,GerDracor/lenz-der-hofmeister.xml,34324,34384,"Nichts als Schaden
              und Unglück kann Er machen.",negative,emotions of suffering,suffering
421,GerDracor/lenz-der-hofmeister.xml,34385,34462,"Ich will dich verklagen; ich will dich in Karzer werfen
              lassen.",negative,emotions of rejection,anger
422,GerDracor/lenz-der-hofmeister.xml,34463,34476,Läuft heraus.,negative,emotions of rejection,suffering
423,GerDracor/lenz-der-hofmeister.xml,34477,34485,lachend.,positive,emotions of joy,joy
424,GerDracor/lenz-der-hofmeister.xml,34486,34512,"Was ist zu machen, Bruder!",negative,emotional movement,emotional movement
425,GerDracor/lenz-der-hofmeister.xml,34513,34547,man muß sie schon ausrasen lassen.,negative,emotions of rejection,"hate, disgust"
426,GerDracor/lenz-der-hofmeister.xml,34548,34567,Aber für dein Geld?,emotional movement,emotional movement,emotional movement
427,GerDracor/lenz-der-hofmeister.xml,34568,34575,Ei was!,emotional movement,emotional movement,emotional movement
428,GerDracor/lenz-der-hofmeister.xml,34576,34673,"– Wenn ich bis Weihnachten warten muß, wer wird mir sogleich bis dahin
              kreditieren?",negative,emotional movement,suffering
429,GerDracor/lenz-der-hofmeister.xml,34674,34900,"Und denn ist's ja nur ein Weib und ein närrisch Weib dazu, dem's nicht
              immer so von Herzen geht: wenn mir's der Mann gesagt hätte, das wär was anders, dem
              schlüg ich das Leder voll – Siehst du wohl!",negative,emotions of rejection,"hate, disgust"
430,GerDracor/lenz-der-hofmeister.xml,34901,34925,Hast du Feder und Tinte?,negative,emotional movement,emotional movement
431,GerDracor/lenz-der-hofmeister.xml,34926,35048,"Dort auf dem Fenster – Ich weiß nicht, das Herz ist mir so schwer – Ich habe nie was auf Ahndungen
              gehalten.",negative,emotions of suffering,suffering
432,GerDracor/lenz-der-hofmeister.xml,35049,35107,Ja mir auch – Die Döbblinsche Gesellschaft ist angekommen.,positive,emotions of rejection,joy
433,GerDracor/lenz-der-hofmeister.xml,35108,35190,"Ich möchte gern in die
              Komödie gehn und habe keinen Rock anzuziehen.",positive,emotional movement,Schadenfreude
434,GerDracor/lenz-der-hofmeister.xml,35191,35348,"Der Schurke mein Wirt leiht mir keinen,
              und ich bin eine so große dicke Bestie, daß mir keiner von all euren Röcken passen
              würde.",negative,emotions of rejection,"hate, disgust"
435,GerDracor/lenz-der-hofmeister.xml,35349,35385,Ich muß gleich nach Hause schreiben.,negative,emotions of fear,anger
436,GerDracor/lenz-der-hofmeister.xml,35386,35432,Setzt sich an ein Fenster nieder und schreibt.,negative,emotions of suffering,suffering
437,GerDracor/lenz-der-hofmeister.xml,35433,35493,"setzt sich einem Wolfspelz gegenüber, der an der Wand hängt.",negative,emotions of rejection,"hate, disgust"
438,GerDracor/lenz-der-hofmeister.xml,35494,35497,Hm!,emotional movement,emotional movement,emotional movement
439,GerDracor/lenz-der-hofmeister.xml,35498,35623,"nichts als den Pelz gerettet von allen meinen Kleidern, die ich habe und die ich
              mir noch wollte machen lassen.",negative,emotions of joy,suffering
440,GerDracor/lenz-der-hofmeister.xml,35624,35797,"Grade den Pelz, den ich im Sommer nicht tragen kann und
              den mir nicht einmal der Jude zum Versatz annimmt, weil sich der Wurm leicht
              hineinsetzt.",negative,emotions of rejection,suffering
441,GerDracor/lenz-der-hofmeister.xml,35798,35811,"Hanke, Hanke!",negative,emotions of rejection,emotional movement
442,GerDracor/lenz-der-hofmeister.xml,35812,35903,"das ist doch unverantwortlich, daß du mir keinen Rock auf
              Pump machen willst.",negative,emotions of rejection,anger
443,GerDracor/lenz-der-hofmeister.xml,35905,35930,Steht auf und geht herum.,emotional movement,emotional movement,emotional movement
444,GerDracor/lenz-der-hofmeister.xml,35931,35993,"Faßt sich an den Kopf und
                stampft mit dem Fuß.",negative,emotions of rejection,anger
445,GerDracor/lenz-der-hofmeister.xml,35994,36133,"der sich mittlerweile hineingeschlichen und ihm zugehört, faßt ihn an: er kehrt
              sich um und bleibt stumm vor Bollwerk stehen.",emotional movement,emotions of suffering,emotional movement
446,GerDracor/lenz-der-hofmeister.xml,36134,36177,Ha ha ha ... Nun du armer Pätus – ha ha ha!,positive,emotions of joy,joy
447,GerDracor/lenz-der-hofmeister.xml,36178,36497,"Nicht wahr, es ist doch ein gottloser
              Hanke, daß er just dir nicht – Aber wo ist das rote Kleid mit Gold, das du bei ihm
              bestellt hast, und das blauseidne mit der silberstücknen Weste, und das rotsammetne
              mit schwarz Sammet gefüttert, das wär vortrefflich bei dieser Jahrszeit.",negative,emotions of joy,anger
448,GerDracor/lenz-der-hofmeister.xml,36498,36507,Sage mir!,negative,emotions of fear,anger
449,GerDracor/lenz-der-hofmeister.xml,36522,36535,antworte mir!,negative,emotional movement,anger
450,GerDracor/lenz-der-hofmeister.xml,36536,36557,Der verfluchte Hanke!,negative,emotions of rejection,"hate, disgust"
451,GerDracor/lenz-der-hofmeister.xml,36558,36604,Wollen wir gehn und ihm die Haut vollschlagen?,negative,emotions of rejection,anger
452,GerDracor/lenz-der-hofmeister.xml,36605,36658,"Wo
              bleibt er so lang mit deiner Arbeit?",negative,emotions of suffering,emotional movement
453,GerDracor/lenz-der-hofmeister.xml,36659,36670,Wollen wir?,positive,emotions of affection,anger
454,GerDracor/lenz-der-hofmeister.xml,36671,36697,wirf sich auf einen Stuhl.,negative,emotional movement,suffering
455,GerDracor/lenz-der-hofmeister.xml,36698,36717,Laß mich zufrieden.,positive,emotions of joy,anger
456,GerDracor/lenz-der-hofmeister.xml,36718,36775,"Aber hör Pätus, Pätus, Pä Pä Pä Pätus  Setzt sich zu ihm.",negative,emotions of rejection,emotional movement
457,GerDracor/lenz-der-hofmeister.xml,36776,36783,heftig.,negative,emotions of rejection,emotional movement
458,GerDracor/lenz-der-hofmeister.xml,36784,36816,"Laß mich zufrieden, sag ich dir.",positive,emotions of suffering,anger
459,GerDracor/lenz-der-hofmeister.xml,36817,36891,Aber hör ... aber ... aber ... hör hör hör Pätus; nimm dich in Acht Pätus!,negative,emotions of rejection,fear
460,GerDracor/lenz-der-hofmeister.xml,36892,36974,"daß du mir
              des Nachts nicht mehr im Schlafrock auf der Gasse läufst.",negative,emotions of rejection,anger
461,GerDracor/lenz-der-hofmeister.xml,36975,37255,"Ich weiß, daß du bange bist
              vor Hunden; es ist eben ausgetrummelt worden, daß zehn wütige Hunde in der Stadt
              herumlaufen sollen; sie haben schon einige Kinder gebissen: zwei sind noch davon
              kommen, aber vier sind auf der Stelle gestorben.",negative,emotions of fear,fear
462,GerDracor/lenz-der-hofmeister.xml,37256,37281,Das machen die Hundstage!,negative,emotions of joy,joy
463,GerDracor/lenz-der-hofmeister.xml,37282,37313,"Nicht wahr
              Pätus?",positive,emotions of affection,emotional movement
464,GerDracor/lenz-der-hofmeister.xml,37314,37361,"es ist gut, daß du jetzt nicht ausgehen kannst.",negative,emotions of joy,joy
465,GerDracor/lenz-der-hofmeister.xml,37362,37373,Nicht wahr?,positive,emotions of affection,emotional movement
466,GerDracor/lenz-der-hofmeister.xml,37374,37428,"du gehst itzt mit
              allem Fleiß nicht aus?",negative,emotions of joy,anger
467,GerDracor/lenz-der-hofmeister.xml,37429,37452,Nicht wahr Pä Pä Pätus?,positive,emotions of rejection,emotional movement
468,GerDracor/lenz-der-hofmeister.xml,37453,37499,Laß mich zufrieden ... oder wir verzürnen uns.,negative,emotions of rejection,anger
469,GerDracor/lenz-der-hofmeister.xml,37500,37567,"Du wirst doch kein Kind sein – Berg, kommen Sie mit in die Komödie?",positive,emotions of rejection,fear
470,GerDracor/lenz-der-hofmeister.xml,37568,37578,zerstreut.,emotional movement,emotional movement,emotional movement
471,GerDracor/lenz-der-hofmeister.xml,37579,37583,Was?,emotional movement,emotional movement,emotional movement
472,GerDracor/lenz-der-hofmeister.xml,37584,37602,– Was für Komödie?,positive,emotional movement,emotional movement
473,GerDracor/lenz-der-hofmeister.xml,37603,37672,Es ist eine Gesellschaft angekommen – Legen Sie die Schmieralien weg.,negative,emotions of rejection,anger
474,GerDracor/lenz-der-hofmeister.xml,37673,37725,"Sie können ja
              auf den Abend schreiben.",negative,emotions of rejection,anger
475,GerDracor/lenz-der-hofmeister.xml,37726,37759,Man gibt heut Minna von Barnhelm.,positive,emotions of affection,joy
476,GerDracor/lenz-der-hofmeister.xml,37760,37780,O die muß ich sehen.,positive,emotions of affection,joy
477,GerDracor/lenz-der-hofmeister.xml,37781,37814,– –  Steckt seine Briefe zu sich.,negative,emotional movement,emotional movement
478,GerDracor/lenz-der-hofmeister.xml,37815,37939,"Ich lieh' ihm gern einen, aber es ist hol mich der Teufel mein einziger, den ich auf
              dem Leibe habe – Gehn ab.",negative,emotions of rejection,suffering
479,GerDracor/lenz-der-hofmeister.xml,37940,37947,allein.,negative,emotions of suffering,suffering
480,GerDracor/lenz-der-hofmeister.xml,37948,37984,Geht zum Teufel mit eurem Mitleiden!,negative,emotions of suffering,compassion
481,GerDracor/lenz-der-hofmeister.xml,37985,38085,"Das ärgert mich mehr als wenn man mir ins
              Gesicht schlüge – Ei was mach ich mir draus.",negative,emotions of rejection,anger
482,GerDracor/lenz-der-hofmeister.xml,38087,38131,"Zieht seinen Schlafrock
                aus.",negative,emotions of fear,emotional movement
483,GerDracor/lenz-der-hofmeister.xml,38132,38155,Zieht den Wolfspelz an.,negative,emotions of rejection,"hate, disgust"
484,GerDracor/lenz-der-hofmeister.xml,38156,38176,Stampft mit dem Fuß.,negative,emotions of rejection,anger
485,GerDracor/lenz-der-hofmeister.xml,38177,38182,Geht.,positive,emotions of fear,emotional movement
486,GerDracor/lenz-der-hofmeister.xml,38183,38196,Frau Hamster.,negative,emotional movement,emotional movement
487,GerDracor/lenz-der-hofmeister.xml,38197,38213,Jungfer Hamster.,negative,emotions of rejection,emotional movement
488,GerDracor/lenz-der-hofmeister.xml,38214,38229,Jungfer Knicks.,positive,emotions of affection,admiration
489,GerDracor/lenz-der-hofmeister.xml,38230,38332,"Ich kann's Ihnen vor Lachen nicht erzählen, Frau Rätin, ich muß krank vor Lachen
              werden.",positive,emotions of joy,joy
490,GerDracor/lenz-der-hofmeister.xml,38333,38558,"Stellen Sie sich vor: wir gehen mit Jungfer Hamster im Gäßchen hier nah bei,
              so läuft uns ein Mensch im Wolfspelz vorbei, als ob er durch Spießruten gejagt würde;
              drei große Hunde hinter ihm drein.",negative,emotions of rejection,suffering
491,GerDracor/lenz-der-hofmeister.xml,38559,38678,"Jungfer Hamster bekam einen Schubb, daß sie mit dem
              Kopf an die Mauer schlug und überlaut schreien mußte.",negative,emotions of fear,emotional movement
492,GerDracor/lenz-der-hofmeister.xml,38679,38695,Wer war es denn?,emotional movement,emotional movement,emotional movement
493,GerDracor/lenz-der-hofmeister.xml,38696,38800,"Stellen Sie sich vor, als wir ihm nachsahen, war's Herr Pätus – Er muß rasend worden
              sein.",negative,emotions of rejection,anger
494,GerDracor/lenz-der-hofmeister.xml,38801,38837,Mit einem Wolfspelz in dieser Hitze!,negative,emotions of fear,"hate, disgust"
495,GerDracor/lenz-der-hofmeister.xml,38838,38857,hält sich den Kopf.,emotional movement,emotional movement,emotional movement
496,GerDracor/lenz-der-hofmeister.xml,38858,38926,"Ich glaube noch immer, er ist aus dem hitzigen Fieber aufgesprungen.",negative,emotions of suffering,emotional movement
497,GerDracor/lenz-der-hofmeister.xml,38927,38985,"Er ließ uns heut
              morgen sagen, er sei krank.",negative,emotions of suffering,suffering
498,GerDracor/lenz-der-hofmeister.xml,38986,39045,"Und die drei Hunde hinter ihm drein, das war das lustigste.",positive,emotions of joy,joy
499,GerDracor/lenz-der-hofmeister.xml,39046,39203,"Ich hatte mir vorgenommen
              heut in die Komödie zu gehen, aber nun mag ich nicht, ich würde doch da nicht soviel
              zu lachen kriegen.",negative,emotions of suffering,suffering
500,GerDracor/lenz-der-hofmeister.xml,39204,39238,Das vergeß ich mein Lebtage nicht.,positive,emotions of affection,joy
501,GerDracor/lenz-der-hofmeister.xml,39239,39485,"Seine Haare flogen ihm nach wie
              der Schweif an einem Kometen, und je eifriger er lief, desto eifriger schlugen die
              Hunde an, und er hatte das Herz nicht, sich einmal umzusehen ... Das war
              unvergleichlich!",positive,emotions of joy,joy
502,GerDracor/lenz-der-hofmeister.xml,39486,39502,Schrie er nicht?,negative,emotional movement,emotional movement
503,GerDracor/lenz-der-hofmeister.xml,39503,39547,"Er wird gemeint haben, die Hunde sein wütig.",negative,emotions of rejection,anger
504,GerDracor/lenz-der-hofmeister.xml,39548,39732,"Ich glaub, er hatte keine Zeit zum Schreien, aber rot war er wie ein Krebs und hielt
              das Maul offen wie die Hunde hinter ihm drein – O das war nicht mit Geld zu bezahlen!",negative,emotions of suffering,anger
505,GerDracor/lenz-der-hofmeister.xml,39747,39822,"Ich gäbe nicht meine Schnur echter Perlen darum, daß ich das nicht gesehen.",positive,emotions of joy,Schadenfreude
506,GerDracor/lenz-der-hofmeister.xml,39823,39838,In Heidelbrunn.,positive,emotions of joy,suffering
507,GerDracor/lenz-der-hofmeister.xml,39839,39858,Augustchens Zimmer.,positive,emotions of joy,emotional movement
508,GerDracor/lenz-der-hofmeister.xml,39859,39888,Gustchen liegt auf dem Bette.,negative,emotions of suffering,suffering
509,GerDracor/lenz-der-hofmeister.xml,39889,39912,Läuffer sitzt am Bette.,negative,emotions of suffering,suffering
510,GerDracor/lenz-der-hofmeister.xml,39913,39964,"Stell dir vor Gustchen, der Geheime Rat will nicht.",negative,emotions of suffering,suffering
511,GerDracor/lenz-der-hofmeister.xml,39965,40118,"Du siehst, daß dein Vater mir das
              Leben immer saurer macht: nun will er mir gar aufs folgende Jahr nur vierzig Dukaten
              geben.",negative,emotions of rejection,anger
512,GerDracor/lenz-der-hofmeister.xml,40119,40146,Wie kann ich das aushalten?,negative,emotions of suffering,suffering
513,GerDracor/lenz-der-hofmeister.xml,40147,40166,Ich muß quittieren.,negative,emotions of suffering,anger
514,GerDracor/lenz-der-hofmeister.xml,40167,40209,"Grausamer, und was werd ich denn anfangen?",negative,emotions of fear,fear
515,GerDracor/lenz-der-hofmeister.xml,40211,40281,"Nachdem beide eine Zeitlang sich
                schweigend angesehen.",emotional movement,emotional movement,emotional movement
516,GerDracor/lenz-der-hofmeister.xml,40282,40348,"Mach, daß du zu meinem Vater in die Lehre kommst; nach Insterburg.",negative,emotions of rejection,anger
517,GerDracor/lenz-der-hofmeister.xml,40349,40381,Da kriegen wir uns nie zu sehen.,positive,emotions of rejection,joy
518,GerDracor/lenz-der-hofmeister.xml,40382,40474,"Mein Onkel leidt es nimmer, daß mein Vater mich zu
              deinem Vater ins Haus gibt.",negative,emotions of suffering,suffering
519,GerDracor/lenz-der-hofmeister.xml,40475,40505,Mit dem verfluchten Adelstolz!,negative,emotions of rejection,"hate, disgust"
520,GerDracor/lenz-der-hofmeister.xml,40506,40523,nimmt seine Hand.,negative,emotions of affection,love
521,GerDracor/lenz-der-hofmeister.xml,40524,40562,"Wenn du auch böse wirst, Herrmannchen!",negative,emotions of rejection,anger
522,GerDracor/lenz-der-hofmeister.xml,40564,40573,Küßt sie.,positive,emotions of affection,love
523,GerDracor/lenz-der-hofmeister.xml,40574,40784,"Rate mir selber – Dein Bruder ist der ungezogenste Junge den ich kenne: neulich hat
              er mir eine Ohrfeige gegeben und ich durft ihm nichts dafür tun, durft nicht einmal
              drüber klagen.",negative,emotions of rejection,anger
524,GerDracor/lenz-der-hofmeister.xml,40785,40909,"Dein Vater hätt ihm gleich Arm und Bein gebrochen und die gnädige Mama
              alle Schuld zuletzt auf mich geschoben.",negative,emotions of suffering,suffering
525,GerDracor/lenz-der-hofmeister.xml,40910,40962,"Aber um meinetwillen – Ich dachte, du liebtest mich.",positive,emotions of affection,love
526,GerDracor/lenz-der-hofmeister.xml,40963,41058,"stützt sich mit der andern Hand auf ihrem Bett,  Laß mich denken ... Bleibt nachsinnend sitzen.",emotional movement,emotional movement,emotional movement
527,GerDracor/lenz-der-hofmeister.xml,41059,41090,in der beschriebenen Pantomime.,positive,emotions of joy,Schadenfreude
528,GerDracor/lenz-der-hofmeister.xml,41091,41099,O Romeo!,positive,emotions of suffering,emotional movement
529,GerDracor/lenz-der-hofmeister.xml,41100,41170,"wenn dies deine Hand wäre – Aber so verlässest du mich, unedler Romeo!",negative,emotions of affection,"hate, disgust"
530,GerDracor/lenz-der-hofmeister.xml,41185,41323,"Siehst nicht, daß deine Julie für dich stirbt – von der ganzen Welt, von ihrer ganzen
              Familie gehaßt, verachtet, ausgespien.",negative,emotions of rejection,"hate, disgust"
531,GerDracor/lenz-der-hofmeister.xml,41325,41357,Drückt seine Hand an ihre Augen.,positive,emotions of affection,suffering
532,GerDracor/lenz-der-hofmeister.xml,41358,41368,sieht auf.,emotional movement,emotional movement,emotional movement
533,GerDracor/lenz-der-hofmeister.xml,41369,41393,Was schwärmst du wieder?,positive,emotions of rejection,love
534,GerDracor/lenz-der-hofmeister.xml,41394,41495,"Es ist ein Monolog aus einem Trauerspiel, den ich gern rezitiere, wenn ich Sorgen
              habe.",negative,emotions of suffering,suffering
535,GerDracor/lenz-der-hofmeister.xml,41497,41584,"Läuffer fällt wieder in Gedanken, nach einer Pause fängt sie wieder
                an.",emotional movement,emotional movement,emotional movement
536,GerDracor/lenz-der-hofmeister.xml,41585,41615,Küßt Läuffers Hand inbrünstig.,positive,emotions of affection,love
537,GerDracor/lenz-der-hofmeister.xml,41616,41678,küßt ihre Hand lange wieder und sieht sie eine Weile stumm an.,positive,emotions of affection,love
538,GerDracor/lenz-der-hofmeister.xml,41679,41730,Es könnte mir gehen wie Abälard – richtet sich auf.,emotional movement,emotional movement,emotional movement
539,GerDracor/lenz-der-hofmeister.xml,41731,41843,"Du irrst dich – Meine Krankheit liegt im Gemüt – Niemand wird dich mutmaßen –
                 Fällt wieder hin.",negative,emotions of suffering,suffering
540,GerDracor/lenz-der-hofmeister.xml,41844,41890,Ich höre was auf dem Gang nach der Schulstube.,emotional movement,emotional movement,anger
541,GerDracor/lenz-der-hofmeister.xml,41891,41925,– Meines Vaters – Um Gotteswillen!,negative,emotions of fear,fear
542,GerDracor/lenz-der-hofmeister.xml,41926,41976,– Du bist drei Viertelstund zu lang hiergeblieben.,negative,emotions of suffering,anger
543,GerDracor/lenz-der-hofmeister.xml,41994,42013,Läuffer läuft fort.,negative,emotions of rejection,emotional movement
544,GerDracor/lenz-der-hofmeister.xml,42014,42026,Die Majorin.,positive,emotional movement,emotional movement
545,GerDracor/lenz-der-hofmeister.xml,42027,42040,Graf Wermuth.,emotional movement,emotions of rejection,emotional movement
546,GerDracor/lenz-der-hofmeister.xml,42041,42059,Aber gnädige Frau!,negative,emotions of suffering,suffering
547,GerDracor/lenz-der-hofmeister.xml,42060,42118,kriegt man denn Fräulein Gustchen gar nicht mehr zu sehen?,positive,emotions of affection,emotional movement
548,GerDracor/lenz-der-hofmeister.xml,42119,42179,"Wie
              befindt sie sich auf die vorgestrige Jagd?",emotional movement,emotional movement,emotional movement
549,GerDracor/lenz-der-hofmeister.xml,42180,42295,"Zu Ihrem Befehl; sie hat die Nacht Zahnschmerzen gehabt, darum darf sie sich heut
              nicht sehen lassen.",negative,emotions of suffering,suffering
550,GerDracor/lenz-der-hofmeister.xml,42296,42322,"Was macht Ihr Magen, Graf!",negative,emotions of rejection,emotional movement
551,GerDracor/lenz-der-hofmeister.xml,42323,42339,auf die Austern?,emotional movement,emotions of rejection,emotional movement
552,GerDracor/lenz-der-hofmeister.xml,42340,42362,O das bin ich gewohnt.,negative,emotions of rejection,anger
553,GerDracor/lenz-der-hofmeister.xml,42363,42537,"Ich habe neulich mit meinem Bruder ganz allein auf unsre Hand
              sechshundert Stück aufgegessen und zwanzig Bouteillen Champagner dabei
              ausgetrunken.",positive,emotions of joy,joy
554,GerDracor/lenz-der-hofmeister.xml,42538,42566,Rheinwein wollten Sie sagen.,positive,emotions of rejection,anger
555,GerDracor/lenz-der-hofmeister.xml,42567,42635,Champagner – Es war eine Idee und ist uns beiden recht gut bekommen.,positive,emotions of joy,joy
556,GerDracor/lenz-der-hofmeister.xml,42636,42775,"Denselben Abend
              war Ball in Königsberg, mein Bruder hat bis an den andern Mittag getanzt und ich Geld
              verloren.",negative,emotions of suffering,joy
557,GerDracor/lenz-der-hofmeister.xml,42776,42805,Wollen wir ein Piquet machen?,positive,emotions of fear,emotional movement
558,GerDracor/lenz-der-hofmeister.xml,42806,42879,"Wenn Fräulein Gustchen käme, macht ich ein paar Touren im Garten mit ihr.",positive,emotions of joy,joy
559,GerDracor/lenz-der-hofmeister.xml,42880,42969,"Ihnen,
              gnädige Frau, darf ich's nicht zumuten; mit Ihrer Fontenelle am Fuß.",negative,emotions of suffering,suffering
560,GerDracor/lenz-der-hofmeister.xml,42970,43017,"Ich weiß auch nicht, wo der Major immer steckt.",emotional movement,emotional movement,emotional movement
561,GerDracor/lenz-der-hofmeister.xml,43018,43216,"Er ist in seinem Leben so rasend
              nicht auf die Ökonomie gewesen; den ganzen ausgeschlagenen Tag auf dem Felde, und wenn
              er nach Hause kommt, sitzt er stumm wie ein Stock.",negative,emotions of suffering,suffering
562,GerDracor/lenz-der-hofmeister.xml,43217,43290,"Glauben Sie, daß ich anfange mir
              Gedanken drüber zu machen.",negative,emotions of suffering,emotional movement
563,GerDracor/lenz-der-hofmeister.xml,43291,43316,Er scheint melancholisch.,negative,emotions of suffering,suffering
564,GerDracor/lenz-der-hofmeister.xml,43317,43624,"Weiß es der Himmel – Neulich hatt er wieder einmal den Einfall bei mir zu schlafen,
              und da ist er mitten in der Nacht aus dem Bett' aufgesprungen und hat sich – He he,
              ich sollt's Ihnen nicht erzählen, aber Sie kennen ja die lächerliche Seite von meinem
              Mann schon.",negative,emotions of rejection,anger
565,GerDracor/lenz-der-hofmeister.xml,43625,43766,"Und hat sich ... Auf die Knie niedergeworfen und an die Brust geschlagen und geschluchst und geheult,
              daß mir zu grauen anfing.",negative,emotions of suffering,suffering
566,GerDracor/lenz-der-hofmeister.xml,43767,43853,"Ich hab ihn aber nicht fragen mögen, was gehen mich seine
              Narrheiten an?",negative,emotions of rejection,anger
567,GerDracor/lenz-der-hofmeister.xml,43854,43889,Mag er Pietist oder Quacker werden.,negative,emotions of rejection,"hate, disgust"
568,GerDracor/lenz-der-hofmeister.xml,43890,43903,Meinethalben!,positive,emotions of joy,emotional movement
569,GerDracor/lenz-der-hofmeister.xml,43904,44006,"Er wird dadurch weder
              häßlicher noch liebenswürdiger in meinen Augen werden, als er ist.",positive,emotions of affection,admiration
570,GerDracor/lenz-der-hofmeister.xml,44007,44038,Sieht den Grafen schalkhaft an.,negative,emotions of joy,Schadenfreude
571,GerDracor/lenz-der-hofmeister.xml,44039,44057,faßt sie ans Kinn.,positive,emotions of suffering,suffering
572,GerDracor/lenz-der-hofmeister.xml,44058,44072,Boshafte Frau!,negative,emotions of rejection,anger
573,GerDracor/lenz-der-hofmeister.xml,44073,44096,– Aber wo ist Gustchen?,emotional movement,emotional movement,emotional movement
574,GerDracor/lenz-der-hofmeister.xml,44097,44157,"Ich möchte gar zu gern mit ihr spazieren
              gehn.",positive,emotions of affection,joy
575,GerDracor/lenz-der-hofmeister.xml,44158,44221,"Still da kommt ja der Major ... Sie können mit ihm gehen, Graf.",positive,emotions of joy,joy
576,GerDracor/lenz-der-hofmeister.xml,44222,44275,Denk doch – Ich will nun aber mit Ihrer Tochter gehn.,positive,emotions of affection,Schadenfreude
577,GerDracor/lenz-der-hofmeister.xml,44276,44439,"Sie wird noch nicht angezogen sein: es ist was Unausstehliches, wie faul das Mädchen
              ist – Major von Berg kommt im Nachtwämschen, einen Strohhut auf.",negative,emotions of rejection,anger
578,GerDracor/lenz-der-hofmeister.xml,44440,44462,"Nun wie steht's, Mann?",emotional movement,emotional movement,fear
579,GerDracor/lenz-der-hofmeister.xml,44463,44501,Wo treiben Sie sich denn wieder herum?,emotional movement,emotional movement,emotional movement
580,GerDracor/lenz-der-hofmeister.xml,44502,44564,"Man kriegt Sie ja den
              ganzen Tag nicht zu sehen.",negative,emotions of affection,suffering
581,GerDracor/lenz-der-hofmeister.xml,44565,44748,"Sehn Sie ihn nur an Herr Graf; sieht er doch wie der
              Heautontimorumenos in meiner großen Madame Dacier abgemalt – Ich glaube, du hast
              gepflügt, Herr Major?",positive,emotions of affection,joy
582,GerDracor/lenz-der-hofmeister.xml,44749,44781,Wir sind itzt in den Hundstagen.,positive,emotions of joy,joy
583,GerDracor/lenz-der-hofmeister.xml,44782,45015,"In der Tat, Herr Major, Sie haben noch nie so übel ausgesehen, blaß, hager, Sie
              müssen etwas haben, das Ihnen auf dem Gemüt liegt, was bedeuten die Tränen in Ihren
              Augen, sobald man Sie aufmerksam ansieht?",negative,emotions of suffering,suffering
584,GerDracor/lenz-der-hofmeister.xml,45016,45132,"Ich kenne Sie doch zehn Jahr schon und habe
              Sie nie so gesehen, selbst da nicht, als Ihr Bruder starb.",positive,emotions of affection,love
585,GerDracor/lenz-der-hofmeister.xml,45133,45274,"Geiz, nichts als der leidige Geiz, er meint, wir werden verhungern, wenn er nicht
              täglich wie ein Maulwurf auf dem Felde wühlt.",negative,emotions of rejection,"hate, disgust"
586,GerDracor/lenz-der-hofmeister.xml,45275,45333,"Bald gräbt er, bald pflügt er, bald eggt
              er.",negative,emotions of rejection,anger
587,GerDracor/lenz-der-hofmeister.xml,45334,45368,Du willst doch nicht Bauer werden?,negative,emotions of rejection,anger
588,GerDracor/lenz-der-hofmeister.xml,45369,45460,"Du mußt mir vorher einen andern Mann geben, der
              die Aufsicht über dich führt.",negative,emotions of rejection,anger
589,GerDracor/lenz-der-hofmeister.xml,45461,45562,"Ich muß wohl schaffen und scharren, meiner Tochter einen Platz im Hospital
              auszumachen.",negative,emotions of suffering,emotional movement
590,GerDracor/lenz-der-hofmeister.xml,45563,45602,Was sind das nun wieder für Phantasien!,emotional movement,emotional movement,emotional movement
591,GerDracor/lenz-der-hofmeister.xml,45603,45687,"– Ich muß wahrhaftig den Doktor Würz noch aus
              Königsberg holen lassen.",negative,emotions of rejection,anger
592,GerDracor/lenz-der-hofmeister.xml,45688,45727,"Du siehst nimmer nichts, vornehme Frau!",negative,emotions of joy,admiration
593,GerDracor/lenz-der-hofmeister.xml,45728,46048,"daß dein Kind von Tag zu Tag abfällt, daß sie
              Schönheit, Gesundheit und den ganzen Plunder verliert und dahergeht, als ob sie, hol
              mich der Teufel – Gott verzeih mir meine schwere Sünde – als ob der arme Lazarus sie
              gemacht hätte – Es frißt mir die Leber ab – Hören Sie ihn nur!",negative,emotions of suffering,suffering
594,GerDracor/lenz-der-hofmeister.xml,46049,46069,Wie er mich anfährt!,negative,emotions of rejection,emotional movement
595,GerDracor/lenz-der-hofmeister.xml,46070,46091,Bin ich schuld daran?,negative,emotional movement,anger
596,GerDracor/lenz-der-hofmeister.xml,46092,46130,"Bist du denn
              wahnwitzig?",emotional movement,emotions of fear,emotional movement
597,GerDracor/lenz-der-hofmeister.xml,46131,46197,"Ja freilich bist du schuld daran, oder was ist sonst schuld daran?",negative,emotions of rejection,compassion
598,GerDracor/lenz-der-hofmeister.xml,46198,46250,"Ich kann's,
              zerschlag mich der Donner!",negative,emotions of fear,despair
599,GerDracor/lenz-der-hofmeister.xml,46251,46267,nicht begreifen.,emotional movement,emotional movement,emotional movement
600,GerDracor/lenz-der-hofmeister.xml,46268,46782,"Ich dacht immer, ihr eine der ersten
              Partien im Reich auszumachen; denn sie hat auf der ganzen Welt an Schönheit nicht
              ihres gleichen gehabt, und nun sieht sie aus wie eine Kühmagd – Ja freilich bist du
              schuld daran mit deiner Strenge und deinen Grausamkeiten und deinem Neid, das hat sie
              sich zu Gemüt gezogen und das ist ihr nun zum Gesicht herausgeschlagen, aber das ist
              deine Freude, gnädige Frau, denn du bist lang schalu über sie gewesen.",negative,emotions of rejection,"hate, disgust"
601,GerDracor/lenz-der-hofmeister.xml,46783,46830,"Das kannst du
              doch nicht leugnen?",negative,emotions of rejection,anger
602,GerDracor/lenz-der-hofmeister.xml,46831,46878,"Solltst dich in dein Herz schämen, wahr haftig!",negative,emotions of rejection,"hate, disgust"
603,GerDracor/lenz-der-hofmeister.xml,46879,46887,Geht ab.,negative,emotions of rejection,emotional movement
604,GerDracor/lenz-der-hofmeister.xml,46888,46932,"Aber ... aber was sagen Sie dazu, Herr Graf!",emotional movement,emotional movement,emotional movement
605,GerDracor/lenz-der-hofmeister.xml,46933,47016,"Haben Sie in Ihrem Leben eine ärgere
              Kollektion von Sottisen gesehen?",negative,emotions of rejection,"hate, disgust"
606,GerDracor/lenz-der-hofmeister.xml,47017,47105,"Kommen Sie; wir wollen Piquet spielen, bis Fräulein Gustchen angezogen ist ... In Halle.",positive,emotions of joy,joy
607,GerDracor/lenz-der-hofmeister.xml,47106,47134,Fritz von Berg im Gefängnis.,negative,emotional movement,suffering
608,GerDracor/lenz-der-hofmeister.xml,47135,47207,"Bollwerk, von Seiffenblase und sein Hofmeister stehn
            um ihn.",negative,emotions of rejection,suffering
609,GerDracor/lenz-der-hofmeister.xml,47208,47281,"Wenn ich doch den Jungen hier hätte, das Fell zög ich ihm über die Ohren.",negative,emotions of rejection,"hate, disgust"
610,GerDracor/lenz-der-hofmeister.xml,47282,47446,"Es ist mit
              alledem doch infam gehandelt, einen ehrlichen Jungen wie Berg ins Karzer zu bringen;
              da sich keiner sein hat annehmen wollen.",negative,emotions of rejection,anger
611,GerDracor/lenz-der-hofmeister.xml,47447,47552,"Denn das ist ja wahr, kein einziger Landsmann
              hat den Fuß vor die Tür seinethalben gesetzt.",negative,emotions of rejection,suffering
612,GerDracor/lenz-der-hofmeister.xml,47553,47638,"Wenn Berg nicht gut für ihn gesagt
              hätte, wär er im Gefängnis verfault.",negative,emotions of rejection,"hate, disgust"
613,GerDracor/lenz-der-hofmeister.xml,47639,47807,"Und in vierzehn Tagen soll das Geld hier sein,
              und wo er den Berg in Verlegenheit läßt, soll man ihn für einen ausgemachten Schurken
              halten.",negative,emotions of rejection,anger
614,GerDracor/lenz-der-hofmeister.xml,47808,47842,O du verdammter Pä Pä Pä Pä Pätus!,negative,emotions of rejection,anger
615,GerDracor/lenz-der-hofmeister.xml,47843,47883,"Wart du verhenkerter Pätus, wart einmal!",negative,emotions of rejection,"hate, disgust"
616,GerDracor/lenz-der-hofmeister.xml,47898,48190,"– Ich kann Ihnen nicht genug beschreiben, lieber Herr von Berg, wie leid es mir
              besonders um Ihres Herrn Vaters und der Familie willen tut, Sie in einem solchen
              Zustande zu sehen und noch dazu ohne Ihre Schuld, aus bloßer jugendlicher
              Unbesonnenheit.",negative,emotions of suffering,compassion
617,GerDracor/lenz-der-hofmeister.xml,48191,48660,"Es hat schon einer von den sieben Weisen Griechenlandes gesagt, für
              Bürgschaften sollst du dich in Acht nehmen, und in der Tat es ist nichts
              unverschämter, als daß ein junger Durchbringer, der sich durch seine lüderliche
              Wirtschaft ins Elend gestürzt hat, auch andere mit hineinziehen will, denn vermutlich
              hat er das gleich anfangs im Sinne gehabt, als er auf der Akademie Ihre Freundschaft
              suchte.",negative,emotions of rejection,anger
618,GerDracor/lenz-der-hofmeister.xml,48661,48687,"Ja ja, lieber Bruder Berg!",positive,emotions of affection,joy
619,GerDracor/lenz-der-hofmeister.xml,48688,48746,"nimm mir nicht übel, da hast du einen großen Bock gemacht.",negative,emotions of rejection,anger
620,GerDracor/lenz-der-hofmeister.xml,48761,48880,"Du bist selbst schuld daran; dem Kerl hättst du's doch gleich ansehen können, daß er
              dich betrügen würde.",negative,emotions of rejection,anger
621,GerDracor/lenz-der-hofmeister.xml,48881,48989,Er ist bei mir auch gewesen und hat mich angesprochen: er  Er war mein Schulkamerad – – Laßt ihn zu frieden.,positive,emotions of affection,friendship
622,GerDracor/lenz-der-hofmeister.xml,48990,49061,"Wenn ich mich nicht über ihn
              beklage, was geht's euch an?",negative,emotions of rejection,compassion
623,GerDracor/lenz-der-hofmeister.xml,49062,49174,"Ich kenn ihn länger als ihr; ich weiß, daß er mich nicht
              mit seinem guten Willen hier sitzen läßt.",positive,emotions of affection,anger
624,GerDracor/lenz-der-hofmeister.xml,49175,49239,"Aber Herr von Berg, wir müssen in der Welt mit Vernunft handeln.",negative,emotions of rejection,anger
625,GerDracor/lenz-der-hofmeister.xml,49240,49474,"Sein Schade ist es
              gewiß nicht, daß Sie hier für ihn sitzen, und seinethalben können Sie noch ein Säkulum
              so sitzen bleiben – Ich hab ihn von Jugend auf gekannt: wir haben uns noch niemals was abgeschlagen.",negative,emotions of affection,friendship
626,GerDracor/lenz-der-hofmeister.xml,49475,49547,"Er
              hat mich wie seinen Bruder geliebt, ich ihn wie meinen.",positive,emotions of affection,love
627,GerDracor/lenz-der-hofmeister.xml,49548,49665,"Als er nach Halle reiste,
              weint' er zum erstenmal in seinem Leben, weil er nicht mit mir reisen konnte.",negative,emotions of suffering,suffering
628,GerDracor/lenz-der-hofmeister.xml,49666,49991,"Ein
              ganzes Jahr früher hätt er schon auf die Akademie gehn können, aber um mit mir
              zusammen zu reisen, stellt' er sich gegen die Präceptores dummer als er war, und doch
              wollt es das Schicksal und unsre Väter so, daß wir nicht zusammen reisten, und das war
              sein Unglück.",negative,emotions of suffering,suffering
629,GerDracor/lenz-der-hofmeister.xml,49992,50060,Er hat nie gewußt mit Geld umzugehen und gab jedem was er verlangte.,negative,emotions of rejection,"hate, disgust"
630,GerDracor/lenz-der-hofmeister.xml,50075,50201,"Hätt ihm ein Bettler das letzte Hemd vom Leibe gezogen und dabei gesagt: mit Ihrer
              Erlaubnis, lieber Herr Pätus!",negative,emotions of rejection,anger
631,GerDracor/lenz-der-hofmeister.xml,50202,50225,er hätt's ihm gelassen.,negative,emotions of rejection,anger
632,GerDracor/lenz-der-hofmeister.xml,50226,50527,"Seine Kreditores gingen mit ihm
              um wie Straßenräuber, und sein Vater  O verzeihn Sie mir, Sie sind jung und sehen alles noch aus dem vorteilhaftesten
              Gesichtspunkt an: man muß erst eine Weile unter den Menschen gelebt haben um
              Charaktere beurteilen zu können.",negative,emotions of suffering,"hate, disgust"
633,GerDracor/lenz-der-hofmeister.xml,50528,50864,"Der Herr Pätus, oder wie er da heißt, hat sich Ihnen
              bisher immer nur unter der Maske gezeigt; jetzt kommt sein wahres Gesicht erst ans
              Tageslicht: er muß einer der feinsten und abgefeimtesten Betrüger gewesen sein, denn
              die treuherzigen Spitzbuben ... in Reisekleidern, fällt Berg um den Hals.",negative,emotions of rejection,"hate, disgust"
634,GerDracor/lenz-der-hofmeister.xml,50865,50972,Bruder Berg – – Bruder Pätus – – Nein – laß – zu deinen Füßen muß ich liegen – Dich hier – um meinetwillen.,positive,emotions of affection,love
635,GerDracor/lenz-der-hofmeister.xml,50990,51054,Rauft sich das Haar mit beiden Händen und stampft mit den Füßen.,negative,emotions of rejection,suffering
636,GerDracor/lenz-der-hofmeister.xml,51055,51069,Nun wie ist's?,emotional movement,emotional movement,emotional movement
637,GerDracor/lenz-der-hofmeister.xml,51070,51095,Hast du Geld mitgebracht?,emotional movement,emotional movement,emotional movement
638,GerDracor/lenz-der-hofmeister.xml,51096,51120,Ist dein Vater versöhnt?,emotional movement,emotions of affection,joy
639,GerDracor/lenz-der-hofmeister.xml,51121,51166,"Was bedeutet dein
              Zurückkommen?",emotional movement,emotional movement,emotional movement
640,GerDracor/lenz-der-hofmeister.xml,51167,51267,"Nichts, nichts – Er hat mich nicht vor sich gelassen – Hundert Meilen umsonst
              gereist!",negative,emotions of suffering,suffering
641,GerDracor/lenz-der-hofmeister.xml,51268,51293,"– Ihr Diener, ihr Herren.",positive,emotions of affection,admiration
642,GerDracor/lenz-der-hofmeister.xml,51294,51405,"Bollwerk wein nicht, du erniedrigst mich zu tief,
              wenn du gut für mich denkst – O Himmel, Himmel!",negative,emotions of suffering,suffering
643,GerDracor/lenz-der-hofmeister.xml,51406,51464,"So bist du der ärgste Narr, der auf dem Erd boden wandelt.",negative,emotions of rejection,"hate, disgust"
644,GerDracor/lenz-der-hofmeister.xml,51465,51488,Warum kommst du zurück?,negative,emotional movement,emotional movement
645,GerDracor/lenz-der-hofmeister.xml,51503,51522,Bist du wahnwitzig?,emotional movement,emotions of fear,emotional movement
646,GerDracor/lenz-der-hofmeister.xml,51523,51561,Haben alle deine Sinne dich verlassen?,emotional movement,emotional movement,emotional movement
647,GerDracor/lenz-der-hofmeister.xml,51562,51632,"Willst du, daß die
              Kreditores dich gewahr werden – Fort!",negative,emotions of rejection,anger
648,GerDracor/lenz-der-hofmeister.xml,51633,51831,"Bollwerk, führ ihn fort; sieh daß du ihn sicher
              aus der Stadt bringst – Ich höre den Pedell – Pätus, ewig mein Feind, wo du nicht im
              Augenblick – wirft sich ihm zu Füßen.",negative,emotions of affection,"hate, disgust"
649,GerDracor/lenz-der-hofmeister.xml,51832,51857,Ich möchte rasend werden.,negative,emotions of rejection,anger
